60601 71182
250179 252856
70262 20918
91239 89554
94229 39854
89048 53023
89021 85051
523908 520057
363169 361450
65419 95513
119738 122995
14931 49300
77847 46647
77532 17639
80052 6117
14730 37213
53491 58444
376369 372404
46717 51546
99971 98109
72379 92285
97245 75630
39794 55965
225179 214904
33736 49759
14742 34138
74491 113256
72673 106042
38680 62988
784411 784015
231984 234377
295968 297387
75565 101867
78303 52320
59680 108161
222388 215088
879873 879841
101574 19064
2666 79218
29807 40165
468424 473665
43202 85112
207134 204439
94143 14351
79033 56697
2008 20455
28140 42906
20276 42468
14428 72712
38572 94688
65350 104884
16046 86944
18333 51073
899860 897512
100529 10708
393015 396724
85610 325
73088 69532
88643 52205
192418 197691
140501 141482
366329 363713
2839 32919
15537 92148
37338 58338
11164 32578
39237 104170
846583 846993
82120 84989
16164 108591
53378 98931
101901 21742
262807 263095
914055 914099
713462 704910
176801 182633
56599 57645
90629 102475
477202 474948
92156 34618
341174 356160
54210 82962
226673 222897
80653 112073
23749 108839
71556 110552
67884 29728
111233 78333
66468 65303
69844 75349
58557 66158
79141 17203
33530 90026
800904 799159
19960 72228
8713 76251
48324 12370
81321 8112
465572 460927
66671 1208
94998 75689
887236 888569
126830 122019
19573 61206
77974 91728
536094 536513
13379 95023
68604 99925
454422 457058
26570 76432
61309 99900
709333 705273
342621 343194
104336 22323
74355 105068
9177 85980
12983 32716
53105 89203
129461 128800
181491 176596
108370 68984
83075 57882
992561 994176
9343 86802
415337 415687
109103 46212
74300 24839
32985 57740
590432 592272
583365 587504
58089 43894
98891 85760
151161 139356
106115 6336
109585 62964
79633 63801
102451 19259
126539 125180
16245 14129
981745 981693
156173 158648
93772 94968
75786 47723
598212 596008
24419 2516
55698 35862
50589 53706
38393 92443
452082 449866
42628 1071
38718 38325
67082 12578
595363 590556
300815 301675
676484 674838
904576 905370
52354 50926
85784 17738
93027 34551
59569 13285
41079 44220
72667 31823
87831 56646
13138 56355
99685 84809
94326 40814
520519 523485
13540 12559
183496 178525
92618 86439
233402 228921
52434 3325
61689 89471
333325 326525
32941 71477
90801 109143
164963 169697
267438 266914
24762 58970
132754 113858
21092 41656
52893 4297
27864 79763
117003 125197
31272 72069
423677 423061
62203 71762
2375 84428
93368 26696
11219 66695
65035 47056
89189 38107
68462 112327
940654 942517
2130 67935
53014 103875
128628 131234
61932 23970
29377 58753
110587 77674
50688 27302
103243 95102
25152 22321
224888 223403
73823 111934
901829 902360
31679 66542
4296 71579
80859 65172
74578 64725
21661 7422
91278 101653
7603 25103
88331 111172
351835 353078
82903 69612
448643 445788
66395 46908
473344 473295
105663 62350
107508 3667
28292 56340
97519 75165
71178 60148
58694 110341
55962 38117
86512 3196
170991 174104
356686 352394
13648 69469
101206 12932
897432 900145
103142 50041
6192 70148
89803 73812
112048 30219
51096 45792
463548 461759
145308 140639
7120 52468
102610 37989
12955 82117
97780 64226
26036 27463
1320 42985
325073 326175
42379 109305
74139 3874
211845 210703
292448 292650
62580 70834
51116 109287
293228 290773
11723 112062
106218 58343
356184 354897
11856 67271
68426 66764
12058 49871
172124 171438
71415 48724
64791 108224
601770 604306
339285 339934
105841 26547
82279 56595
73042 67172
765915 769161
112990 59794
51547 28191
61086 104251
105571 71590
18858 107111
42931 81829
100895 39438
201447 199306
17850 28058
276868 277312
584859 583427
76283 61310
712917 712638
69291 4960
302563 304995
10521 96424
73531 23406
105084 29766
680013 679449
105012 19086
671778 679200
72434 54295
108798 20579
98157 58194
680262 678096
345937 356884
44717 29788
662311 664819
6449 64880
452547 441068
18664 91571
69713 47901
52261 35088
116843 128242
60147 77751
95734 80060
8291 31480
890133 892645
178 57030
79947 87054
24123 18876
104581 17578
42463 89974
22741 4713
71091 51317
60080 2472
61671 13926
351805 347342
83177 29
1114 65755
28474 47928
99449 83905
126292 125888
22969 51572
93502 112880
59356 39858
199784 192018
554361 557616
353500 351561
8915 4720
818568 819770
765777 767526
49456 39689
739240 744396
29833 92509
132957 117165
339769 334827
42545 100758
42481 74512
52761 75600
34027 74505
10602 76097
79158 88199
671463 675922
496614 493196
26174 94494
47106 52314
105511 55368
101424 65636
84533 105166
85754 39719
86120 25806
2864 103392
303375 304061
11891 108680
327131 325594
1138 83104
107297 40266
112125 11211
18346 52066
673876 673669
795033 788789
33217 44743
22093 10592
165547 161955
88183 32417
37544 87830
514423 510366
42427 76403
6594 26354
91116 99314
58033 44409
41713 113034
2970 21167
61964 62445
353168 344177
52050 76639
367863 364986
72746 111144
939971 940192
22528 18390
35319 108823
63555 18126
18066 58573
98463 30035
48966 90272
352338 352062
63022 16368
634670 637032
112360 13443
36579 109456
54485 49031
4873 82245
80864 42619
652203 651768
102444 84357
12611 110615
86728 103124
29664 84766
119610 122767
354128 346600
69044 92193
507078 504234
69558 65379
14169 17532
339764 339875
61727 73412
6425 66266
25233 57261
22626 11213
70175 13172
272726 274682
167706 166523
75825 47102
520734 521255
111789 11688
9859 57279
657027 658078
79879 109423
213112 225399
35538 33187
31093 5544
41046 96604
45234 60461
623795 624339
53725 29018
12575 81873
71251 69278
67045 45042
61955 13563
15695 14737
22755 98020
15203 98101
344787 345352
107953 53675
79231 97636
54066 105404
347307 357465
413857 413633
15364 32944
746581 739818
325952 339815
7575 41387
90652 73615
550860 549592
834446 836362
77246 72230
25880 110482
48727 13668
111156 94864
18788 64321
62033 61463
80888 97984
98718 101117
804749 804175
301996 295503
8586 106259
25962 26407
3111 77233
66296 44756
633653 633395
464720 461963
148368 146378
799286 798377
25964 57195
707746 706923
16664 25467
98222 45422
38180 97561
42346 101941
75800 3632
890656 890903
97894 51105
90976 39307
5648 17925
229179 236413
896611 891804
78357 18909
31376 42355
73072 24390
10490 95285
61736 49624
91011 110100
30683 99894
71823 86729
234926 231839
860385 860232
2616 73390
37063 88371
621363 621142
91754 33481
78509 13451
44329 54227
97044 38870
711767 708048
592828 601770
36315 86379
39563 70747
22178 36290
51851 80407
49124 98900
49328 42877
3561 103241
218475 214695
56638 71681
335795 324451
452547 444117
39675 25601
117351 115133
4350 55366
77330 75690
50402 104699
91837 13007
4823 73983
43064 11252
41507 6035
409519 408607
68614 2697
10553 13677
69153 42679
173802 182633
13242 7454
127678 116180
73903 57979
357635 352223
679311 672930
130289 127300
2950 59164
46908 9149
253607 248626
744109 744371
547296 545489
55107 35320
51950 46111
336799 323782
264726 261959
81847 37539
9372 69949
98295 18898
4962 22662
2693 92225
69011 73732
234351 236272
59738 57995
76382 96226
794151 791174
105274 42826
12318 61185
46708 66225
93816 25343
89362 30284
617704 618227
47157 10609
26347 42369
17491 20513
92022 112990
30612 85162
215601 226135
7412 67945
346144 354989
56446 2649
70137 68550
40322 9401
60468 31389
103218 31930
17350 97476
86819 20525
841841 842639
66556 7214
61853 43489
43639 67140
294622 294281
59890 17175
1728 65509
28076 44757
51124 26624
86178 68436
61510 4168
103366 96706
103186 54165
75376 84385
100453 89919
8737 109432
61140 62852
97959 91359
118801 121608
43508 5294
20477 22285
16394 89469
104092 28872
60929 37951
103459 73592
9192 70484
385401 385892
49736 32092
98398 47351
76189 31640
351470 343143
395507 393084
126075 114764
61821 16460
89507 60009
92351 34667
65078 28533
66900 7986
244085 245520
64818 51217
843629 843271
98814 109190
329733 324106
50771 108717
64939 77458
14731 88608
79297 32831
199350 197594
840743 841061
69407 58134
23220 96438
3407 94920
57221 63704
98410 86033
104281 1022
104410 66051
10425 35758
800768 797692
101408 37566
118181 117323
65555 32560
108768 4705
58460 24355
496143 494220
56076 98597
83320 83715
421289 421442
90090 73371
75033 48674
51517 11233
75662 93134
83832 34276
51475 27141
873259 873070
520511 521722
96161 44773
642672 644075
93801 24478
48218 85322
992593 996830
2935 29015
105571 51817
71716 2944
121834 132877
66325 20109
613432 613608
11618 26599
16464 80886
32067 63831
268046 267938
66053 29455
300594 294702
42367 106935
302256 291414
14227 73282
25466 56496
2143 37443
63231 94796
8905 15339
121272 114958
55171 82601
353724 348084
17339 12597
593427 590199
67766 68019
59017 227
989122 987657
63615 29436
11475 85235
112278 26191
197846 198072
105340 54573
11086 57380
97662 56570
60201 101588
118361 133009
93588 42075
68609 10416
40766 84258
101184 34696
44743 20714
59617 108610
370008 371181
127183 118108
43417 91529
345704 351432
112202 61371
120420 119610
90344 109293
386889 385597
112942 93191
230255 232888
531361 535496
85076 79038
123300 118251
15387 39225
88628 84092
103615 30622
988676 990800
598020 591657
32991 110774
693655 689789
255039 253777
22987 74535
205098 205064
34556 93934
93115 67103
62200 11792
444340 443214
80518 8548
91643 21470
91606 63595
65292 77223
841074 841607
26612 86522
121251 130069
106812 93885
222401 217055
100819 74203
10207 81058
55232 98336
64409 67844
727171 727509
21327 68616
73397 70049
237449 227593
124980 114110
677794 678555
75249 9488
525628 527745
174519 173655
210446 208158
64366 92710
117212 120531
74711 6766
3386 103652
399330 393852
40887 20685
954327 954645
25578 20117
73537 64147
733269 735313
69687 94142
56583 33851
260142 260021
41535 64609
63965 18556
127204 120013
121091 131217
42128 109808
895964 896902
365932 365744
68784 3205
493560 495579
66602 2768
345237 350809
961702 963415
318220 311694
438047 441736
63179 74522
169781 165290
89762 71395
343615 340171
96057 31090
101813 817
146393 139538
10844 103521
87715 58433
61903 8430
98888 50562
65589 65692
33061 48442
10372 47597
225929 222861
662774 659788
547275 550777
97558 38395
11652 109716
11272 13500
22723 61878
991458 989377
23960 2810
238100 231189
82928 82480
47932 33355
109528 36683
85295 75069
39573 34985
60397 45756
51576 34029
42586 46780
794685 795235
9547 17918
79803 55538
53890 67722
5536 4641
156229 157587
72690 93227
274790 274133
39960 79922
22909 111124
39386 36474
62689 10322
225066 224981
59479 95561
104965 52217
386666 385509
109711 33200
39033 108176
60930 40904
32382 97544
232604 237458
70534 103307
152273 155189
5069 41031
66013 91784
110062 32240
743913 738454
56953 6913
42682 85198
92557 84626
23427 65225
17050 3889
22437 65504
70403 84306
19428 39322
108988 1477
10261 106704
188565 189470
74009 86636
291563 292722
33317 101506
13384 55894
740713 738117
50712 1802
103022 40857
13091 98151
674516 680119
56186 30303
690703 689775
55709 5594
92574 75166
176650 174694
30008 62166
894272 893038
647008 647006
86724 40697
105639 60213
85224 30635
259006 261717
14312 21676
899126 896458
224 86663
97551 72210
663590 659726
51820 76577
88122 25854
94268 13339
109535 42859
658867 660459
82404 107516
53308 8642
21131 46274
114500 128502
631962 634665
6865 96888
329028 333429
339162 328961
93564 2925
244719 242616
325256 338157
990400 988219
373924 374774
29295 49059
4193 13475
23470 27945
4505 49127
147989 141336
80500 47542
86704 61515
21538 19345
80175 107107
89573 24357
113375 4754
219653 213950
75400 110
83628 45106
140658 141461
83622 61772
84 40419
81329 89360
75374 60531
905444 903152
55530 68513
72655 81317
55966 112790
761491 762284
61634 104362
14918 84790
525715 527352
78871 96887
6790 10691
730 77169
108864 17784
611794 609911
525652 529076
96529 66850
59892 71262
742872 746328
109696 4280
303151 305751
30097 85830
372417 375878
91960 31960
128545 121432
2084 48157
104326 27208
246878 250546
350072 347940
197085 199557
441336 438200
5264 39311
7745 92537
61335 89509
40690 51810
44392 85992
157046 158339
83447 464
744137 740283
9511 110804
73191 88457
48620 35333
13482 65409
593987 604242
799777 799761
145755 148204
15929 106256
36428 74315
100040 81875
83298 42782
39172 49095
115616 129412
668524 668187
658467 664939
65342 93274
208387 212306
35018 19155
174767 181473
23487 60697
815728 814585
104204 89163
772533 772076
294149 298612
35183 74297
910936 910835
636063 635773
230482 231225
531344 531477
6712 45522
117717 122068
512637 515889
50185 48816
7242 65636
29090 55134
65143 36049
52536 83211
533613 534256
711375 708669
90580 66973
64570 47467
27857 41748
50325 62772
26627 80257
296120 298113
31599 106179
96417 13254
742940 746934
56879 70717
239771 240241
462800 466183
443664 437723
30835 82966
10640 45968
470917 477400
81269 92348
93389 34214
70084 19003
106411 52365
334113 325625
94992 92569
4393 14781
76595 48938
508709 509779
392922 389962
56736 51402
